* MindTags: MindPlace
* BreitenGrad: 51.052652
* LaengenGrad: 13.763710
* BoundingBox: 10

Ab 20070917:1230 war RainerWasserfuhr Postbote. Genauer gesagt: PEPiger MetaPostBote.

||am     ||von||bis||Pause||
|20071109|1015|17:00|0.5|
|20071108|1000|20:15?|0.5|
|20071107|1500|21:00?|0.5|
|20071106|1130|18:30|0.5|
|20071105|1145|19:15|0.5|
| | | | |
|20071102|1330|1630|0|
|20071101|1115|1815|0.5|x
|20071030|0945|1545|0.5|x
|20071029|0930|1900|0.5|x
| | | | |
|20071026|0930|1700?|0.5
|20071025|1100|1830?|0.5
|20071024|1015|1800|0.5
|20071023|1000|1830|0.5
|20071022|1100|1845|0.5
| | | | |
|20071015|1000|1915|0.75
| | | | |
|20071012|1130|1800|0.5
|20071011|1445|1915|0.25
|20071010|0945|1900|0.5
|20071008|0930|1900|0.5
| | | | |
|20071005|1100|1815|0.5
|20071004|1145|1820|0.5
|20071002|0915|1900|0.5
|20071001|0915|1815|0.5
| | | | |
|20070928|0900|1850|0.5
|20070927|0900|1850|0.5
|20070926|0940|1830|0.5
|20070926|0900|1830|0.5
|20070920|0915|1830|0.5
| | | | |
|20070919|0900|1630|0.75
|20070918|1100|1830|0.75
|20070917|1230|1830|0.0

x): Buchungskorrektur in der Folgewoche

ProForma:
* KlZu
* ChTo
