[WikiPedia:World_population_estimates]

FutureModel:
||Year||USCB||PRB||UNDESA||HYDE||Maddison||Tanton
|1900|             |1,656,000,000|1,650,000,000|	1,633,848,213|1,563,622,000|1,600,000,000
|1950|2,555,955,393|2,516,000,000|2,529,346,000|	2,528,313,293|2,524,324,000|2,400,000,000
|2000|6,092,409,072|6,115,367,000|6,085,574,386|	6,071,144,000|5,750,000,000 			
|2005|6,476,521,420|6,477,000,000|6,512,276,000|6,464,751,609 							
|2009|6,790,062,216|										
|2010|6,869,643,038|6,908,688,000|6,842,925,208 						
|2015|7,271,123,129|		 |7,302,186,000|	7,219,433,211 							
|2020|7,662,284,890|		 |7,674,833,000|7,577,890,552|8,000,000,000 					
|2025|8,032,544,826|8,000,000,000|8,011,533,000|7,905,241,284 							
|2030|8,378,629,430|		 |8,308,895,000|8,199,106,302 							
|2035|8,702,764,144|		 |8,570,570,000 								
|2040|9,005,111,277|		 |8,801,196,000 								
|2045|9,283,812,953|		 |8,996,344,000 								
|2050|9,536,111,257|9,352,000,000|9,149,984,000
